# transform file /Users/dimuthu/Documents/Robarts/apps/hcp_360/GIRAFFE/code/derivatives/freesurfer/sub-01/mri/transforms/cc_up.lta
# created by dimuthu on Tue Dec  3 13:41:29 2019

type      = 0 # LINEAR_VOX_TO_VOX
nxforms   = 1
mean      = 131.0000 122.0000 117.0000
sigma     = 10000.0000
1 4 4
9.981294870376587e-01 3.510497882962227e-02 5.005177482962608e-02 -1.157023429870605e+01 
-3.506092727184296e-02 9.993836283683777e-01 -1.758150290697813e-03 1.883231544494629e+01 
-5.008264631032944e-02 0.000000000000000e+00 9.987450838088989e-01 4.669176483154297e+01 
0.000000000000000e+00 0.000000000000000e+00 0.000000000000000e+00 1.000000000000000e+00 
src volume info
valid = 1  # volume info valid
filename = /Users/dimuthu/Documents/Robarts/apps/hcp_360/GIRAFFE/code/derivatives/freesurfer/sub-01/mri/norm.mgz
volume = 256 256 256
voxelsize = 1.000000000000000e+00 1.000000000000000e+00 1.000000000000000e+00
xras   = -1.000000000000000e+00 0.000000000000000e+00 0.000000000000000e+00
yras   = 0.000000000000000e+00 0.000000000000000e+00 -1.000000000000000e+00
zras   = 0.000000000000000e+00 1.000000000000000e+00 0.000000000000000e+00
cras   = -8.493957519531250e-01 1.854217529296875e+01 -1.046987915039062e+01
dst volume info
valid = 1  # volume info valid
filename = /Users/dimuthu/Documents/Robarts/apps/hcp_360/GIRAFFE/code/derivatives/freesurfer/sub-01/mri/norm.mgz
volume = 256 256 256
voxelsize = 1.000000000000000e+00 1.000000000000000e+00 1.000000000000000e+00
xras   = -1.000000000000000e+00 0.000000000000000e+00 0.000000000000000e+00
yras   = 0.000000000000000e+00 0.000000000000000e+00 -1.000000000000000e+00
zras   = 0.000000000000000e+00 1.000000000000000e+00 0.000000000000000e+00
cras   = -8.493957519531250e-01 1.854217529296875e+01 -1.046987915039062e+01
