# transform file transforms/talairach.lta
# created by dimuthu on Tue Dec  3 11:05:40 2019

type      = 0 # LINEAR_VOX_TO_VOX
nxforms   = 1
mean      = 132.0000 122.0000 117.0000
sigma     = 10000.0000
1 4 4
1.081956863403320e+00 1.309122238308191e-02 5.607166513800621e-02 -2.256708145141602e+01 
-3.811347484588623e-02 1.048186182975769e+00 4.321586191654205e-01 -4.652172088623047e+01 
-5.110638588666916e-02 -4.732176363468170e-01 9.013720750808716e-01 6.477264404296875e+01 
0.000000000000000e+00 0.000000000000000e+00 0.000000000000000e+00 1.000000000000000e+00 
src volume info
valid = 1  # volume info valid
filename = nu.mgz
volume = 256 256 256
voxelsize = 1.000000000000000e+00 1.000000000000000e+00 1.000000000000000e+00
xras   = -1.000000000000000e+00 0.000000000000000e+00 0.000000000000000e+00
yras   = 0.000000000000000e+00 0.000000000000000e+00 -1.000000000000000e+00
zras   = 0.000000000000000e+00 1.000000000000000e+00 0.000000000000000e+00
cras   = -8.493957519531250e-01 1.854217529296875e+01 -1.046987915039062e+01
dst volume info
valid = 1  # volume info valid
filename = /Applications/freesurfer/average/RB_all_2016-05-10.vc700.gca
volume = 256 256 256
voxelsize = 1.000000000000000e+00 1.000000000000000e+00 1.000000000000000e+00
xras   = -1.000000000000000e+00 0.000000000000000e+00 0.000000000000000e+00
yras   = 0.000000000000000e+00 0.000000000000000e+00 -1.000000000000000e+00
zras   = 0.000000000000000e+00 1.000000000000000e+00 0.000000000000000e+00
cras   = 0.000000000000000e+00 0.000000000000000e+00 0.000000000000000e+00
