# transform file transforms/talairach_with_skull.lta
# created by dimuthu on Tue Dec  3 10:52:34 2019

type      = 0 # LINEAR_VOX_TO_VOX
nxforms   = 1
mean      = 132.0000 134.0000 117.0000
sigma     = 10000.0000
1 4 4
1.045542240142822e+00 6.019805371761322e-02 3.805353492498398e-02 -2.143347167968750e+01 
-6.045001372694969e-02 1.121148228645325e+00 5.673975944519043e-01 -6.566520690917969e+01 
-1.180189289152622e-02 -3.625234961509705e-01 1.004859209060669e+00 3.649237442016602e+01 
0.000000000000000e+00 0.000000000000000e+00 0.000000000000000e+00 1.000000000000000e+00 
src volume info
valid = 1  # volume info valid
filename = nu.mgz
volume = 256 256 256
voxelsize = 1.000000000000000e+00 1.000000000000000e+00 1.000000000000000e+00
xras   = -1.000000000000000e+00 0.000000000000000e+00 0.000000000000000e+00
yras   = 0.000000000000000e+00 0.000000000000000e+00 -1.000000000000000e+00
zras   = 0.000000000000000e+00 1.000000000000000e+00 0.000000000000000e+00
cras   = -8.493957519531250e-01 1.854217529296875e+01 -1.046987915039062e+01
dst volume info
valid = 1  # volume info valid
filename = /Applications/freesurfer/average/RB_all_withskull_2016-05-10.vc700.gca
volume = 256 256 256
voxelsize = 1.000000000000000e+00 1.000000000000000e+00 1.000000000000000e+00
xras   = -1.000000000000000e+00 0.000000000000000e+00 0.000000000000000e+00
yras   = 0.000000000000000e+00 0.000000000000000e+00 -1.000000000000000e+00
zras   = 0.000000000000000e+00 1.000000000000000e+00 0.000000000000000e+00
cras   = 0.000000000000000e+00 0.000000000000000e+00 0.000000000000000e+00
